16 12 3
1111111111111111
0000000000000001
1011111111111101
1010000000000101
1010000000000101
1010000000000101
1010000000000101
1010000000000101
1010000000000101
1011111111111101
1000000000000000
1111111111111111

1111111111111111
1111111111111111
1111111111111111
1111111111111111
1111111111111111
1111111111111111
1111111111111111
1111111111111111
1111111111111111
1111111111111111
1111111111111111
1111111111111111

1111111111111111
1111111111111111
1111111111111111
1111111111111111
1111111111111111
1111111111111111
1111111111111111
1111111111111111
1111111111111111
1111111111111111
1111111111111111
1111111111111111